 63 42 16 43 46 20 54 43 54 60 28 51 48 53 60 54 30 27 63 24 53 36 40 42 41 16 24 30 33 31 45 34 16 26 26 16 56 53 55 43 60 39 30 56 16 35 43 31 39 22 55 39 35 42 40 42 22 55 26 46 42 31 41
 255   5 233 255 255 255 255 219 255 255 230 255 255 255 255 255  90 239 243 250 255 255 255   6 255 235  76  82 255  82 255 255  81 243 251 233 255 255 255   4 255 255  69 241 234 255   4  63 255 255 255 255 255  24 255   4 196 255 241 255  32  72   4
 44  8 24 44 59 19 49 44 49 20 10 59 56 50 20 49 43 28 23 31  8 35 47 37 46 24  8 29 54 63 37 53 43 29 29 24 63 50 48 42 20 32 41  8 24 52 42 42 42 17 48 32 42 42 47 42 43  9 44 38 43 42  8
 183  19 250 255 255 255 255 255 255 255 240 255 255 255 255 255   4 249 255 243  12 255 255 244 255 252  15  12 255  53 255 255   9 242 243 250 255 255 255   5 255 255 255  19 250 255 255 243   4 255 255 255 255 255 255   6   5  14 252 255 255 255  17
 19 41 28 47 56 16 58 47 58 23  9 56 60 49 23 58 42 31 19 11 49 32 36 42 37 28 11 12 50 12 38 54 42 30 30 28 20 49 59 42 23 52 45 21 28 55 42 42 52 26 59 52 41 41 36 42 26 59 30 34 40 43 42
 255   6 251 255 255 241 255 255 255 255 252 255 255 255 255 255 245 252 255 232  63 255 255  74 255 251   6   8 255  11 255 255 247 253 252 251 255 255 255 216 255 255 255  21 251 255   4 255  88 255 255 255 255 255 255   5  10  56 253 255 255 255  36
 19 41 28 47 56 16 58 47 58 23  9 56 60 49 23 58 42 31 19 11 49 32 36 42 37 28 11 12 50 12 38 54 42 30 30 28 20 49 59 42 23 52 45 21 28 55 42 42 52 26 59 52 41 41 36 42 26 59 30 34 40 43 42
 255   6 251 255 255 240 255 255 255 255 252 255 255 255 255 255 246 251 255 230  64 255 255  73 255 251   6   8 255  11 255 255 247 252 251 251 255 255 255 219 255 255 255  21 251 255   4 255  90 255 255 255 255 255 255   5  10  56 252 255 255 255  36
 36 42 31 36 60 27 57 36 57 19 12 60 63 58 52 39 42 11 16  8 14 52 39 34 38 42 14 10 49 23 34 50 42 14 10 31 23 58 56 42 19 42 46 14 31 45 45 41 42 25 56 55 45 44 39 42 42 14 36 33 44 40 14
 255  53 114 255 255 237 255 255 255 251 195 255 255 255 255 255 255  91 251  86  57 255 255 255 255 255  53  63 255 242 255 255 255  66  62 121 255 255 255   9 251 245 255  48 114 255 255 255 157 209 255 255 249 127 255 255  31  72 255 255 255 255  53
 36 42 31 36 60 27 57 36 57 19 12 60 63 58 52 39 42 11 16  8 14 52 39 34 38 42 14 10 49 23 34 50 42 14 10 31 23 58 56 42 19 42 46 14 31 45 45 41 42 25 56 55 45 44 39 42 42 14 36 33 44 40 14
 255  48 116 255 255 237 255 255 255 251 195 255 255 255 255 255 255  95 251  89  59 255 255 255 255 255  52  66 255 242 255 255 255  70  61 124 254 255 255   9 251 157 255  49 117 255 255 255  14 208 255 255 249 127 255 255  36  72 255 255 255 255  56
 36 42 31 36 60 27 57 36 57 19 12 60 63 58 52 39 42 11 16  8 14 52 39 34 38 42 14 10 49 23 34 50 42 14 10 31 23 58 56 42 19 55 46 14 31 45 45 41 42 25 56 55 45 45 39 42 42 14 36 33 44 40 14
 255  44 117 255 255 236 255 255 255 251 195 255 255 255 255 255 255  97 252  91  61 255 255 255 255 255  50  67 255 241 255 255 255  73  61 124 254 255 255   9 251 227 255  49 118 255 255 255   4 207 255 255 248 127 255 255  39  73 255 255 255 255  59
 39 42 11 39 63 24 61 39 61 16 15 63 20 57 55 35 41  8 27 12  5 55 35 33 34 41  5  9 58 42 33 49 41  5  9 11 19 57 60 42 16 43 37  5 11 46 46 45 43 29 60 51 46 47 35 43 42  5 39 53 47 44  5
 255 255  82 255 255 217 255 255 255 244 162 255 255 255 255 255 255  62 243  60  42 255 255 255 255 255  39  45 255 255 255 255 255  50  47  89 253 255 255  47 243 255 255  35  81 255 255 255 255 173 255 255 255 127 255 255 255  51 255 255 255 255  40
 24 43  8 35 20 36 62 35 62 27  5 20 23 61 27 62 45 12 24 15 61 51 32 42 33  8 42 41 57 43 53 58 45 13 13  8 43 61 63 45 27 48 38 16  8 59 42 46 40 30 63 48 37 37 32 40 30 63 13 54 36 47 41
 255 255 182 255 255 231 255 255 255 255 119 255 255 255 255 255 255 161 255 112 103 255 255 255 255 181  10   9 255 255 255 255 255 146 179 181 248 255 255 225 255 255 255  25 181 255 255 255 255 247 255 255 255 255 255 255  13 107 144 255 255 255 179
 24 43  8 35 20 36 62 35 62 27  5 20 23 61 27 62 45 12 24 15 61 51 32 42 33  8 42 41 57 43 53 58 45 13 13  8 43 61 63 45 27 48 38 16  8 59 42 46 40 30 63 48 37 37 32 40 30 63 13 54 36 47 41
 255 255 182 255 255 231 255 255 255 255 119 255 255 255 255 255 255 161 255 112 102 255 255 255 255 181  10   9 255 255 255 255 255 147 178 181 248 255 255 225 255 255 255  25 181 255 255 255 255 247 255 255 255 255 255 255  13 107 143 255 255 255 181
 28 40 12 32 50 39 36 32 21 24  7 23 19 62 24 21 46 15 28  4 62 48 52 41 53 12 42 42 61 40 54 57 46 14 42 12 40 62 20 46 24 59 34 27 12 56 43 37 44 10 20 59 38 38 52 44 10 20 14 50 39 36 44
 246 255  63 255 254 255 255 255 255 245 110 255 255 255 245 255 255  66 151  77 243 255 255 255 255  63  20 255 255 255 255 255 255  60 255  62 255 255 252 255 245 255 255  95  62 255 255 255 255 166 255 255 255 255 255 255  33 237  58 255 255 255 255
 28 40 12 32 50 39 36 32 21 24  7 23 19 62 24 21 46 15 28  4 62 48 52 41 53 12 42 42 61 40 54 57 46 14 42 12 40 62 20 46 24 59 34 27 12 56 43 37 44 10 20 59 38 38 52 44 10 20 14 50 39 36 44
 246 255  63 255 254 255 255 255 255 244 110 255 255 255 245 255 255  66 153  79 243 255 255 255 255  63  19 255 255 255 255 255 255  62 255  62 255 255 252 255 245 255 255  95  62 255 255 255 255 166 255 255 255 255 255 255  33 237  58 255 255 255 255
 28 40 12 32 50 39 36 32 21 24  7 23 19 62 24 21 46 15 28  4 62 48 52 41 53 12 42 42 61 40 54 57 46 14 42 12 40 62 20 46 24 59 34 27 12 56 43 37 44 10 20 59 38 38 52 44 10 20 14 50 39 36 44
 246 255  63 255 254 255 255 255 255 244 111 255 255 255 245 255 255  66 151  77 243 255 255 255 255  63  20 255 255 255 255 255 255  61 255  62 255 255 252 255 245 255 255  95  62 255 255 255 255 165 255 255 255 255 255 255  33 236  57 255 255 255 255
  9 37  6 50 26 13 19 50 19 10  0 26 25 23 10 19 39  2  9  1 43 61 49 47 51  6 41 45 20 37 48 63 39  7  7  6 30 23 17 43 10 62 52 41  6 21 46 35 38 12 17 62 32 32 49 38 41 43  7 59 53 33 40
 255 255 228 255 255 255 255 255 255 255 221 255 255 255 255 255 255 213 255 190 255 255 255 255 255 221 255 255 255 255 255 255 255 222 220 227 255 255 255 255 255 255 255 255 227 255 255 255 255 254 255 255 255 255 255 255 255 255 216 255 255 255 255
